F	W1	W2
0	0	0
0.99999873	-1.84783E-09	-1.86488E-09
1.999998642	-3.69566E-09	-3.72976E-09
3.499995764	-6.4674E-09	-6.52707E-09
5.749988561	-1.0625E-08	-1.0723E-08
9.124971045	-1.68614E-08	-1.7017E-08
14.18743002	-2.62159E-08	-2.64578E-08
21.78108477	-4.02474E-08	-4.06189E-08
33.17149167	-6.12945E-08	-6.18604E-08
50.25693223	-9.28644E-08	-9.3722E-08
75.88471165	-1.40218E-07	-1.41513E-07
114.3255215	-2.11244E-07	-2.13197E-07
171.9848018	-3.17775E-07	-3.20717E-07
258.4693706	-4.77554E-07	-4.81982E-07
388.1864223	-7.17182E-07	-7.23848E-07
582.7399276	-1.07653E-06	-1.08658E-06
874.5204449	-1.61535E-06	-1.6305E-06
1312.079065	-2.42311E-06	-2.44603E-06
1968.163748	-3.63371E-06	-3.66847E-06
2951.718055	-5.44725E-06	-5.50025E-06
4425.750828	-8.16225E-06	-8.24355E-06
6633.843212	-1.22228E-05	-1.23484E-05
9939.207909	-1.82867E-05	-1.84822E-05
14881.58321	-2.73218E-05	-2.76268E-05
22258.31675	-4.07376E-05	-4.12056E-05
32044.04539	-5.8412E-05	-5.90611E-05
41737.21052	-7.57927E-05	-7.65244E-05
51327.55471	-9.28814E-05	-9.35242E-05
60802.62737	-0.000109681	-0.000109977
70147.16799	-0.000126194	-0.000125783
79342.2701	-0.000142422	-0.000140826
88364.17086	-0.000158364	-0.00015497
97182.43281	-0.000174009	-0.000168054
105756.863	-0.000189329	-0.000179886
114032.3627	-0.000204262	-0.000190238
121928.8527	-0.000218685	-0.00019883
129321.582	-0.000232349	-0.000205302
136003.2024	-0.000244777	-0.000209181
141626.8461	-0.000255106	-0.000209871
145702.0511	-0.000262102	-0.000206858
147846.7414	-0.000264831	-0.000200284
148156.7327	-0.000263602	-0.000191155
147081.4184	-0.000259591	-0.000180623
145073.6586	-0.000253941	-0.000169497
142468.1733	-0.000247453	-0.000158267
139497.1198	-0.000240635	-0.000147242
136324.1366	-0.000233804	-0.000136638
133067.9497	-0.00022716	-0.000126629
129815.7881	-0.000220826	-0.000117354
126630.8025	-0.000214875	-0.000108932
123556.7021	-0.000209344	-0.000101458
120621.3624	-0.000204248	-9.50041E-05
117840.1256	-0.000199583	-8.96248E-05
115218.8828	-0.000195333	-8.53563E-05
112756.8152	-0.000191475	-8.22217E-05
110448.6658	-0.000187984	-8.02343E-05
108286.487	-0.000184831	-7.94001E-05
106260.9148	-0.00018199	-7.97206E-05
104362.0397	-0.000179435	-8.11938E-05
102579.9772	-0.00017714	-8.38159E-05
100905.2061	-0.000175085	-8.75819E-05
99328.76962	-0.000173248	-9.24859E-05
97842.36719	-0.000171611	-9.85214E-05
96438.37686	-0.000170157	-0.000105681
95109.85004	-0.000168871	-0.000113958
93850.4751	-0.00016774	-0.000123344
92654.53525	-0.00016675	-0.000133831
91516.85623	-0.000165891	-0.00014541
90432.75531	-0.000165152	-0.00015807
89397.99698	-0.000164524	-0.000171803
88408.74487	-0.000163997	-0.000186596
87461.51895	-0.000163564	-0.000202438
86553.1593	-0.000163216	-0.000219316
85680.79562	-0.000162946	-0.000237217
84841.81042	-0.000162747	-0.000256126
84033.81744	-0.000162613	-0.000276029
83254.63577	-0.000162538	-0.000296909
82502.26862	-0.000162515	-0.00031875
81774.88794	-0.000162538	-0.000341535
81070.81128	-0.000162601	-0.000365244
80388.49481	-0.000162699	-0.000389859
79726.51483	-0.000162826	-0.000415361
79083.55698	-0.000162977	-0.00044173
78458.41095	-0.000163146	-0.000468944
77849.95192	-0.000163327	-0.000496983
77257.14485	-0.000163516	-0.000525824
76679.0248	-0.000163706	-0.000555445
76114.69873	-0.000163892	-0.000585825
75563.3376	-0.000164068	-0.000616939
75024.16908	-0.00016423	-0.000648765
74496.47549	-0.00016437	-0.000681279
73979.58902	-0.000164485	-0.000714458
73472.88644	-0.000164566	-0.000748278
72975.78688	-0.000164611	-0.000782714
72487.75058	-0.000164611	-0.000817744
72008.271	-0.000164561	-0.000853343
71536.87747	-0.000164456	-0.000889488
71073.13184	-0.000164289	-0.000926154
70616.62254	-0.000164055	-0.000963317
70166.9679	-0.000163747	-0.001000956
69723.8119	-0.000163359	-0.001039045
69286.82071	-0.000162886	-0.001077562
68855.686	-0.00016232	-0.001116485
68430.11983	-0.000161657	-0.001155789
68009.85488	-0.000160889	-0.001195454
67594.6428	-0.000160011	-0.001235457
67184.25371	-0.000159017	-0.001275777
66778.47519	-0.000157901	-0.001316391
66377.11135	-0.000156658	-0.00135728
65979.9822	-0.00015528	-0.001398423
65586.92442	-0.000153764	-0.001439799
65197.78722	-0.000152103	-0.00148139
64812.43317	-0.000150292	-0.001523175
64430.74284	-0.000148327	-0.001565136
64052.60498	-0.000146201	-0.001607254
63677.9243	-0.00014391	-0.001649512
63306.61593	-0.000141451	-0.001691893
62938.60931	-0.000138818	-0.001734378
62573.84403	-0.000136008	-0.001776953
62212.27164	-0.000133016	-0.0018196
61853.85541	-0.000129841	-0.001862304
61498.57039	-0.000126478	-0.00190505
61146.40097	-0.000122924	-0.001947824
60797.34382	-0.000119179	-0.001990611
60451.4063	-0.000115238	-0.002033397
60108.60628	-0.000111101	-0.00207617
59768.97075	-0.000106767	-0.002118916
59432.53944	-0.000102235	-0.002161624
59099.36105	-9.75028E-05	-0.002204281
58769.49484	-9.25719E-05	-0.002246877
58443.00911	-8.74419E-05	-0.002289399
58119.98418	-8.21136E-05	-0.002331837
57800.50783	-7.65879E-05	-0.002374183
57484.67835	-7.0866E-05	-0.002416424
57172.60438	-6.49499E-05	-0.002458554
56864.40264	-5.88415E-05	-0.002500561
56560.1994	-5.25433E-05	-0.002542439
56260.12863	-4.60581E-05	-0.002584179
55964.33567	-3.9389E-05	-0.002625773
55672.97044	-3.25394E-05	-0.002667213
55386.19314	-2.55131E-05	-0.002708494
55104.17091	-1.83142E-05	-0.002749608
54826.9452	-1.09481E-05	-0.00279055
54554.96307	-3.41713E-06	-0.002831313
54288.28063	4.27267E-06	-0.002871891
54027.08911	1.21162E-05	-0.00291228
53771.58804	2.01083E-05	-0.002952474
53521.9799	2.82434E-05	-0.002992469
53278.47381	3.65157E-05	-0.003032261
53041.28066	4.49194E-05	-0.003071846
52810.61448	5.34486E-05	-0.00311122
52586.69351	6.2097E-05	-0.003150379
52369.73644	7.08584E-05	-0.003189322
52159.96325	7.97264E-05	-0.003228044
51957.59474	8.86947E-05	-0.003266544
51762.85123	9.77566E-05	-0.003304819
51575.95225	0.000106906	-0.003342867
51397.11631	0.000116135	-0.003380686
51226.55939	0.000125439	-0.003418276
51064.4935	0.00013481	-0.003455635
50911.12844	0.000144241	-0.003492761
50766.66905	0.000153727	-0.003529654
50631.31552	0.000163261	-0.003566314
50505.26258	0.000172835	-0.00360274
50388.69886	0.000182445	-0.003638933
50281.80501	0.000192083	-0.003674891
50184.75626	0.000201743	-0.003710617
50097.71934	0.00021142	-0.003746109
50020.85234	0.000221106	-0.003781369
49954.30462	0.000230797	-0.003816398
49898.21853	0.000240486	-0.003851197
49852.72325	0.000250168	-0.003885767
49817.94201	0.000259838	-0.003920109
49793.98631	0.00026949	-0.003954224
49780.9572	0.000279119	-0.003988116
49778.94662	0.00028872	-0.004021784
49788.0348	0.000298288	-0.004055232
49808.29351	0.000307819	-0.004088461
49839.78081	0.000317308	-0.004121473
49882.54757	0.00032675	-0.004154271
49936.6328	0.000336143	-0.004186856
50002.06507	0.000345481	-0.004219232
50078.86337	0.000354761	-0.004251401
50167.03535	0.00036398	-0.004283364
50266.58142	0.000373133	-0.004315125
50377.49068	0.000382219	-0.004346685
50499.74189	0.000391233	-0.004378044
50633.50263	0.000400179	-0.004409203
50778.23609	0.00040904	-0.004440182
50934.31452	0.000417822	-0.004471058
51101.56906	0.000426522	-0.004501648
51279.9384	0.000435138	-0.004532072
51469.35259	0.000443667	-0.004562317
51669.7351	0.000452107	-0.004592386
51881.00378	0.000460456	-0.004622282
52103.06918	0.000468712	-0.004652007
52335.83553	0.000476873	-0.004681565
52579.20187	0.000484939	-0.004710957
52833.06287	0.000492907	-0.004740188
53097.30641	0.000500776	-0.004769259
53371.81798	0.000508544	-0.004798174
53656.47699	0.000516211	-0.004826935
53951.1601	0.000523775	-0.004855545
54255.73941	0.000531235	-0.004884008
54570.08437	0.00053859	-0.004912325
54894.0619	0.000545839	-0.004940499
55227.53509	0.000552981	-0.004968534
55570.36644	0.000560016	-0.004996431
55922.41321	0.000566942	-0.005024193
56283.5341	0.000573758	-0.005051823
56653.58395	0.000580465	-0.005079324
57032.41669	0.00058706	-0.005106697
57419.88606	0.000593545	-0.005133945
57815.8439	0.000599917	-0.005161071
58220.14098	0.000606177	-0.005188077
58632.62836	0.000612323	-0.005214966
59053.15623	0.000618356	-0.005241739
59481.57439	0.000624275	-0.005268398
59917.73291	0.000630079	-0.005294947
60361.48136	0.000635768	-0.005321387
60812.67178	0.000641341	-0.00534772
61271.15262	0.000646799	-0.005373949
61736.7762	0.000652139	-0.005400075
62209.39403	0.000657363	-0.0054261
62688.85858	0.000662469	-0.005452027
63175.02263	0.000667458	-0.005477857
63667.74229	0.000672328	-0.005503592
64166.86981	0.000677079	-0.005529234
64672.26448	0.000681712	-0.005554785
65183.78311	0.000686225	-0.005580246
65701.28268	0.000690619	-0.00560562
66224.62434	0.000694892	-0.005630908
66753.67033	0.000699044	-0.005656111
67288.28259	0.000703076	-0.005681231
67828.32553	0.000706987	-0.005706271
68373.66514	0.000710775	-0.005731231
68924.16832	0.000714442	-0.005756112
69479.70472	0.000717986	-0.005780917
70040.1437	0.000721408	-0.005805647
70605.35861	0.000724707	-0.005830303
71175.2226	0.000727882	-0.005854887
71749.6107	0.000730933	-0.0058794
72328.40057	0.00073386	-0.005903843
72911.47106	0.000736663	-0.005928217
73498.70209	0.000739341	-0.005952524
74089.97689	0.000741894	-0.005976766
74685.17704	0.000744322	-0.006000942
75284.19165	0.000746624	-0.006025054
75886.90512	0.0007488	-0.006049104
76493.20746	0.000750849	-0.006073091
77102.98931	0.000752773	-0.006097016
77716.14296	0.000754569	-0.006120875
78332.56101	0.000756238	-0.006144636
78952.61995	0.000757781	-0.006168694
79575.14151	0.000759196	-0.006192244
80200.73965	0.000760482	-0.006215848
80829.19579	0.000761641	-0.006239437
81460.41306	0.000762672	-0.006262971
82094.2943	0.000763574	-0.006286455
82730.74472	0.000764348	-0.006309887
83369.67016	0.000764993	-0.00633327
84010.98058	0.000765509	-0.006356603
84654.58439	0.000765897	-0.006379887
85300.39462	0.000766155	-0.006403123
85948.32304	0.000766284	-0.006426311
86598.28385	0.000766284	-0.006449454
87250.19154	0.000766155	-0.00647255
87903.96463	0.000765897	-0.006495601
88559.52087	0.000765509	-0.006518608
89216.77957	0.000764991	-0.00654157
89875.66133	0.000764344	-0.00656449
90536.09024	0.000763568	-0.006587367
91197.98866	0.000762662	-0.006610202
91861.2798	0.000761627	-0.006632996
92525.89157	0.000760463	-0.006655749
93191.7519	0.000759169	-0.006678461
93858.78674	0.000757747	-0.006701134
94526.92605	0.000756195	-0.006723768
95196.10186	0.000754514	-0.006746363
95866.24475	0.000752705	-0.006768921
96537.28738	0.000750766	-0.00679144
97209.16348	0.0007487	-0.006813923
97881.80849	0.000746505	-0.006836369
98555.15834	0.000744181	-0.006858778
99229.14777	0.00074173	-0.006881152
99903.71743	0.000739151	-0.006903491
100578.8057	0.000736445	-0.006925794
101254.3502	0.000733611	-0.006948063
101930.2922	0.00073065	-0.006970298
102606.574	0.000727562	-0.0069925
103283.1373	0.000724348	-0.007014668
103959.9258	0.000721008	-0.007036803
104636.8824	0.000717541	-0.007058905
105313.9527	0.000713949	-0.007080975
105991.0814	0.000710232	-0.007103013
106668.2168	0.00070639	-0.007125019
107345.3031	0.000702423	-0.007146994
108022.2907	0.000698332	-0.007168939
108699.1257	0.000694117	-0.007190852
109375.7597	0.000689778	-0.007212735
110052.1403	0.000685316	-0.007234588
110728.2205	0.000680731	-0.007256411
111403.9498	0.000676024	-0.007278204
112079.28	0.000671195	-0.007299968
112754.1642	0.000666245	-0.007321703
113428.5555	0.000661173	-0.007343409
114102.4064	0.00065598	-0.007365087
114775.6732	0.000650667	-0.007386736
115448.308	0.000645234	-0.007408357
116120.2701	0.000639681	-0.007429951
116791.5107	0.00063401	-0.007451516
117461.9892	0.00062822	-0.007473054
118131.6617	0.000622312	-0.007494565
118800.4858	0.000616286	-0.007516049
119468.4188	0.000610142	-0.007537506
120135.4195	0.000603882	-0.007558936
120801.4474	0.000597506	-0.00758034
121466.4591	0.000591014	-0.007601718
122130.4172	0.000584406	-0.007623069
122793.2805	0.000577684	-0.007644394
123455.0105	0.000570847	-0.007665694
124115.5676	0.000563896	-0.007686967
124774.9109	0.000556832	-0.007708216
125433.0066	0.000549655	-0.007729438
126089.8128	0.000542365	-0.007750636
126745.2939	0.000534963	-0.007771809
127399.412	0.00052745	-0.007792957
128052.1306	0.000519826	-0.00781408
128703.4127	0.000512091	-0.007835178
129353.2229	0.000504246	-0.007856252
130001.5248	0.000496292	-0.007877301
130648.2822	0.000488228	-0.007898326
131293.4609	0.000480056	-0.007919327
131937.0245	0.000471776	-0.007940304
132578.9402	0.000463388	-0.007961257
133219.172	0.000454893	-0.007982186
133857.6859	0.000446292	-0.008003091
134494.4475	0.000437584	-0.008023972
135129.4252	0.00042877	-0.008044831
135762.584	0.000419852	-0.008065665
136393.891	0.000410829	-0.008086476
137023.3123	0.000401701	-0.008107264
137650.8165	0.00039247	-0.008128028
138276.3699	0.000383135	-0.00814877
138899.9408	0.000373698	-0.008169488
139521.4973	0.000364158	-0.008190183
140141.0079	0.000354517	-0.008210856
140758.4377	0.000344774	-0.008231505
141373.7595	0.00033493	-0.008252132
141986.9395	0.000324986	-0.008272736
142597.9443	0.000314942	-0.008293317
143206.7481	0.000304798	-0.008313876
143813.3157	0.000294555	-0.008334412
144417.619	0.000284214	-0.008354925
145019.6244	0.000273775	-0.008375416
145619.3047	0.000263237	-0.008395885
146216.6274	0.000252603	-0.008416331
146811.5618	0.000241872	-0.008436755
147404.079	0.000231044	-0.008457156
147994.1506	0.000220121	-0.008477535
148581.7434	0.000209102	-0.008497892
149166.8291	0.000197988	-0.008518226
149749.3785	0.000186779	-0.008538539
150329.3617	0.000175477	-0.008558829
150906.7481	0.00016408	-0.008579097
151481.5116	0.00015259	-0.008599343
152053.6185	0.000141008	-0.008619566
152623.0426	0.000129332	-0.008639768
153189.7535	0.000117565	-0.008659947
153753.7242	0.000105706	-0.008680105
154314.9232	9.37562E-05	-0.00870024
154873.3218	8.17152E-05	-0.008720353
155428.8926	6.95838E-05	-0.008740444
155981.6053	5.73623E-05	-0.008760514
156531.4338	4.50512E-05	-0.00878056
157078.3469	3.26508E-05	-0.008800585
157622.3167	2.01616E-05	-0.008820588
158163.3136	7.58395E-06	-0.008840569
158701.311	-5.08182E-06	-0.008860527
159236.2791	-1.78353E-05	-0.008880464
159768.1898	-3.06761E-05	-0.008900378
160297.0157	-4.36039E-05	-0.00892027
160822.7267	-5.66182E-05	-0.00894014
161345.294	-6.97188E-05	-0.008959988
161864.693	-8.29052E-05	-0.008979813
162380.8911	-9.61772E-05	-0.008999617
162893.8608	-0.000109534	-0.009019398
163403.577	-0.000122976	-0.009039157
163910.0075	-0.000136502	-0.009058894
164413.1269	-0.000150113	-0.009078608
164912.904	-0.000163807	-0.0090983
165409.3132	-0.000177584	-0.00911797
165902.327	-0.000191445	-0.009137617
166391.913	-0.000205388	-0.009157242
166878.0483	-0.000219414	-0.009176844
167360.6992	-0.000233521	-0.009196424
167839.8418	-0.000247711	-0.009215981
168315.4446	-0.000261981	-0.009235515
168787.4824	-0.000276333	-0.009255027
169255.9245	-0.000290766	-0.009274516
169720.7438	-0.000305279	-0.009293983
170181.911	-0.000319872	-0.009313426
170639.4	-0.000334545	-0.009332847
171093.1793	-0.000349298	-0.009352245
171543.2235	-0.00036413	-0.00937162
171989.5016	-0.000379041	-0.009390972
172431.9883	-0.00039403	-0.009410301
172870.6521	-0.000409098	-0.009429606
173305.4647	-0.000424243	-0.009448889
173736.3998	-0.000439467	-0.009468148
174163.4252	-0.000454768	-0.009487384
174586.5183	-0.000470146	-0.009506596
175005.6442	-0.000485601	-0.009525786
175420.7783	-0.000501133	-0.009544951
175831.8895	-0.000516741	-0.009564093
176238.9503	-0.000532425	-0.009583211
176641.9311	-0.000548185	-0.009602306
177040.8035	-0.000564021	-0.009621377
177435.5389	-0.000579932	-0.009640424
177826.1078	-0.000595918	-0.009659447
178212.4812	-0.000611979	-0.009678446
178594.629	-0.000628114	-0.009697421
178972.5231	-0.000644323	-0.009716371
179346.1356	-0.000660607	-0.009735298
179715.4352	-0.000676964	-0.0097542
180080.3929	-0.000693395	-0.009773077
180440.9791	-0.0007099	-0.00979193
180797.1664	-0.000726477	-0.009810759
181148.9219	-0.000743127	-0.009829562
181496.219	-0.00075985	-0.009848341
181839.0253	-0.000776645	-0.009867095
182177.3122	-0.000793513	-0.009885824
182511.0507	-0.000810452	-0.009904528
182840.208	-0.000827463	-0.009923207
183164.757	-0.000844545	-0.009941861
183484.6674	-0.000861699	-0.009960488
183799.9071	-0.000878924	-0.009979091
184110.4468	-0.00089622	-0.009997668
184416.2542	-0.000913586	-0.01001622
184717.3017	-0.000931023	-0.010034745
185013.5558	-0.00094853	-0.010053245
185304.9882	-0.000966107	-0.010071719
185591.5657	-0.000983754	-0.010090169
185873.2603	-0.00100147	-0.010108588
186150.0378	-0.001019256	-0.010126977
186421.8673	-0.001037112	-0.010145346
186688.7178	-0.001055036	-0.010163689
186950.5589	-0.001073029	-0.010182004
187207.357	-0.001091091	-0.010200292
187459.0821	-0.001109222	-0.010218553
187705.7005	-0.001127421	-0.010236787
187947.1813	-0.001145688	-0.010254994
188183.4898	-0.001164023	-0.010273173
188414.5994	-0.001182426	-0.010291325
188640.4694	-0.001200896	-0.010309449
188861.0748	-0.001219434	-0.010327545
189076.3768	-0.001238039	-0.010345614
189286.3452	-0.001256712	-0.010363654
189490.9454	-0.001275451	-0.010381666
189690.1443	-0.001294258	-0.01039965
189883.9101	-0.001313131	-0.010417605
190072.2046	-0.00133207	-0.010435532
190254.9984	-0.001351076	-0.01045343
190432.2539	-0.001370149	-0.010471299
190603.9372	-0.001389287	-0.010489139
190770.0128	-0.001408491	-0.010506949
190930.4489	-0.001427761	-0.01052473
191085.2061	-0.001447097	-0.010542481
191234.2541	-0.001466498	-0.010560203
191377.5517	-0.001485965	-0.010577895
191515.0633	-0.001505497	-0.010595557
191646.7572	-0.001525094	-0.010613189
191772.592	-0.001544757	-0.010630789
191892.5333	-0.001564484	-0.01064836
192006.5419	-0.001584276	-0.010665899
192114.5831	-0.001604132	-0.010683408
192216.6144	-0.001624053	-0.010700885
192312.6027	-0.001644039	-0.010718331
192402.5088	-0.001664089	-0.010735746
192486.2913	-0.001684203	-0.010753128
192563.9117	-0.001704381	-0.010770479
192635.3288	-0.001724623	-0.010787797
192700.5051	-0.001744929	-0.010805083
192759.4013	-0.001765299	-0.010822337
192811.9715	-0.001785732	-0.010839558
192858.1788	-0.001806229	-0.010856746
192897.9781	-0.00182679	-0.0108739
192931.3307	-0.001847414	-0.010891021
192958.1906	-0.001868101	-0.010908108
192978.5162	-0.001888852	-0.010925162
192992.2614	-0.001909666	-0.010942181
192999.385	-0.001930542	-0.010959166
192999.839	-0.001951482	-0.010976116
192993.5805	-0.001972485	-0.010993032
192980.5617	-0.001993551	-0.011009912
192960.8689	-0.002014679	-0.011026757
192934.0538	-0.00203587	-0.011043566
192900.4699	-0.002057124	-0.011060339
192860.0707	-0.00207844	-0.011077076
192812.5322	-0.002099819	-0.011093776
192757.9436	-0.00212126	-0.01111044
192696.2503	-0.002142764	-0.011127067
192627.4021	-0.00216433	-0.011143656
192551.344	-0.002185959	-0.011160207
192468.0226	-0.002207649	-0.011176721
192377.385	-0.002229403	-0.011193197
192279.3738	-0.002251218	-0.011209633
192173.931	-0.002273095	-0.011226031
192060.9978	-0.002295034	-0.011242389
191940.5166	-0.002317036	-0.011258708
191812.4272	-0.0023391	-0.011274987
191676.668	-0.002361226	-0.011291225
191533.1733	-0.002383413	-0.011307424
191381.8807	-0.002405663	-0.011323581
191222.7233	-0.002427975	-0.011339696
191055.6354	-0.00245035	-0.011355769
190880.5465	-0.002472785	-0.0113718
190697.3854	-0.002495283	-0.011387789
190506.0809	-0.002517843	-0.011403734
190306.5579	-0.002540465	-0.011419636
190098.7417	-0.00256315	-0.011435495
189882.5523	-0.002585896	-0.011451308
189657.9104	-0.002608704	-0.011467077
189424.7348	-0.002631575	-0.0114828
189182.9377	-0.002654508	-0.011498477
188932.4327	-0.002677502	-0.011514108
188673.1312	-0.002700559	-0.011529692
188404.9374	-0.002723679	-0.011545229
188127.7595	-0.002746861	-0.011560717
187841.4964	-0.002770105	-0.011576157
187546.0456	-0.002793411	-0.011591548
187241.3033	-0.002816781	-0.011606889
186927.1578	-0.002840213	-0.011622179
186603.4979	-0.002863707	-0.011637418
186270.2058	-0.002887265	-0.011652606
185927.1599	-0.002910885	-0.011667741
185574.2322	-0.002934569	-0.011682822
185211.2937	-0.002958315	-0.01169785
184838.2069	-0.002982125	-0.011712823
184454.8283	-0.003005999	-0.01172774
184061.0087	-0.003029936	-0.011742601
183656.5951	-0.003053936	-0.011757404
183241.4242	-0.003078	-0.011772149
182815.3265	-0.003102129	-0.011786835
182378.1233	-0.003126322	-0.01180146
181929.6275	-0.003150579	-0.011816024
181469.6431	-0.0031749	-0.011830525
180997.9663	-0.003199287	-0.011844963
180514.3766	-0.003223738	-0.011859336
180018.6464	-0.003248255	-0.011873643
179510.532	-0.003272837	-0.011887882
178989.7772	-0.003297486	-0.011902052
178456.1086	-0.0033222	-0.011916151
177909.2391	-0.003346981	-0.011930178
177348.8597	-0.003371828	-0.011944131
176774.6405	-0.003396742	-0.011958009
176186.2312	-0.003421724	-0.011971808
175583.2549	-0.003446773	-0.011985527
174965.3081	-0.00347189	-0.011999165
174331.9516	-0.003497076	-0.012012717
173682.722	-0.00352233	-0.012026182
173017.1039	-0.003547654	-0.012039557
172334.5458	-0.003573047	-0.012052839
171634.4466	-0.003598511	-0.012066025
170916.1446	-0.003624045	-0.012079109
170178.9152	-0.003649649	-0.012092089
169421.9584	-0.003675326	-0.01210496
168644.391	-0.003701074	-0.012117717
167845.2263	-0.003726894	-0.012130354
167023.3639	-0.003752786	-0.012142865
166177.5603	-0.003778751	-0.012155242
165306.4062	-0.003804789	-0.012167478
164408.2946	-0.0038309	-0.012179563
163481.3765	-0.003857083	-0.012191486
162523.5008	-0.003883338	-0.012203234
161532.1449	-0.003909663	-0.012214792
160504.3063	-0.003936058	-0.012226142
159436.3793	-0.003962518	-0.012237261
158323.9457	-0.003989038	-0.012248121
157161.4974	-0.004015611	-0.012258685
155942.026	-0.004042225	-0.012268908
154656.3432	-0.00406886	-0.012278726
153292.044	-0.004095482	-0.012288049
151831.6514	-0.004122032	-0.012296745
150249.2699	-0.004148395	-0.012304602
148504.0162	-0.00417433	-0.01231125
146526.7195	-0.004199231	-0.01231595
144201.6216	-0.004221187	-0.012316938
141520.4306	-0.004233052	-0.012309817
139478.7411	-0.004226339	-0.012294919
138303.2201	-0.004210625	-0.012279284
137560.0907	-0.004191407	-0.012263872
137073.3928	-0.004170397	-0.012248764
136758.8315	-0.00414832	-0.012233932
136568.963	-0.004125543	-0.012219335
136474.0806	-0.00410228	-0.012204938
136454.1206	-0.004078666	-0.012190708
136494.7316	-0.004054792	-0.012176619
136585.1964	-0.004030723	-0.012162647
136717.2152	-0.004006507	-0.012148773
136884.1886	-0.003982181	-0.012134981
137080.7344	-0.003957774	-0.012121257
137302.3863	-0.00393331	-0.012107587
137545.378	-0.003908806	-0.012093961
137806.4831	-0.00388428	-0.012080368
138082.9117	-0.003859744	-0.0120668
138372.2294	-0.003835211	-0.012053248
138672.284	-0.003810688	-0.012039705
138981.1742	-0.003786186	-0.012026165
139297.1906	-0.003761713	-0.012012622
139618.8053	-0.003737273	-0.01199907
139944.6338	-0.003712875	-0.011985505
140273.4251	-0.003688522	-0.011971921
140604.0326	-0.003664221	-0.011958315
140935.4159	-0.003639975	-0.011944684
141266.6125	-0.003615789	-0.011931024
141596.7428	-0.003591667	-0.011917331
141924.9908	-0.003567612	-0.011903604
142250.5993	-0.003543627	-0.011889839
142572.8688	-0.003519716	-0.011876034
142891.1406	-0.003495883	-0.011862187
143204.808	-0.003472129	-0.011848297
143513.2868	-0.003448459	-0.011834361
143816.042	-0.003424874	-0.011820378
144112.5592	-0.003401377	-0.011806346
144402.3526	-0.003377971	-0.011792265
144684.9568	-0.00335466	-0.011778133
144959.9306	-0.003331444	-0.011763948
145226.8488	-0.003308328	-0.01174971
145485.2999	-0.003285313	-0.011735418
145734.8862	-0.003262404	-0.011721071
145975.2171	-0.003239601	-0.011706669
146205.915	-0.003216909	-0.011692211
146426.6048	-0.00319433	-0.011677695
146636.9203	-0.003171867	-0.011663122
146836.4874	-0.003149524	-0.01164849
147024.942	-0.003127303	-0.011633801
147201.9142	-0.003105208	-0.011619052
147367.0341	-0.003083244	-0.011604243
147519.9182	-0.003061412	-0.011589375
147660.1854	-0.003039718	-0.011574446
147787.4344	-0.003018166	-0.011559457
147901.2624	-0.00299676	-0.011544406
148001.2457	-0.002975505	-0.011529293
148086.9468	-0.002954406	-0.011514119
148157.9102	-0.002933468	-0.01149888
148213.6553	-0.002912698	-0.011483571
148253.6792	-0.002892101	-0.011468015
148277.4891	-0.002871627	-0.011452805
148284.417	-0.002851397	-0.011437297
148273.9252	-0.002831362	-0.01142174
148245.391	-0.00281153	-0.011406125
148198.1358	-0.002791911	-0.011390445
148131.4329	-0.002772514	-0.011374701
148044.5027	-0.002753349	-0.011358892
147936.5065	-0.00273443	-0.011343019
147806.5356	-0.002715768	-0.01132708
147653.6105	-0.002697378	-0.011311076
147476.663	-0.002679275	-0.011295005
147274.54	-0.002661476	-0.011278869
147045.9752	-0.002644001	-0.011262667
146789.5913	-0.002626871	-0.011246399
146503.8788	-0.002610108	-0.011230066
146187.1854	-0.00259374	-0.011213668
145837.6928	-0.002577796	-0.011197206
145453.3971	-0.002562308	-0.011180682
145032.0963	-0.002547315	-0.011164098
144571.3605	-0.002532857	-0.011147455
144068.5051	-0.002518984	-0.011130759
143520.5695	-0.002505748	-0.011114013
142924.2957	-0.002493213	-0.011097224
142276.0953	-0.002481447	-0.011080402
141572.046	-0.002470532	-0.011063557
140807.8843	-0.00246056	-0.011046704
139979.0157	-0.002451635	-0.011029863
139080.5792	-0.002443876	-0.01101306
138107.535	-0.002437417	-0.010996328
137054.8581	-0.002432408	-0.01097971
135917.7904	-0.002429012	-0.010963259
134692.2594	-0.002427403	-0.010947042
133375.3981	-0.002427762	-0.010931143
131966.194	-0.002430263	-0.010915656
130466.1688	-0.00243506	-0.010900693
128879.9407	-0.002442274	-0.01088637
127215.5024	-0.002451974	-0.010872764
125482.3896	-0.002464177	-0.010860124
123698.3159	-0.00247876	-0.010848357
121874.2914	-0.002495686	-0.010837651
120026.5529	-0.002514745	-0.010828008
118168.992	-0.002535738	-0.010819434
116313.7954	-0.002558454	-0.010811915
114471.0878	-0.002582685	-0.010805416
112648.9357	-0.002608238	-0.010799894
110853.5325	-0.002634938	-0.0107953
109089.4877	-0.002662631	-0.010791581
107360.121	-0.002691183	-0.010788688
105667.7356	-0.002720476	-0.010786573
104013.8503	-0.002750409	-0.010785189
102399.3674	-0.002780895	-0.010784496
100824.7357	-0.002811858	-0.010784456
99290.03514	-0.002843232	-0.010785032
97795.07981	-0.002874959	-0.010786191
96339.45909	-0.002906988	-0.010787905
94922.59187	-0.002939273	-0.010790144
93544.78809	-0.002971767	-0.010792899
92203.18455	-0.003004447	-0.01079611
90897.89371	-0.003037276	-0.01079977
89627.93887	-0.003070223	-0.010803857
88392.29393	-0.003103265	-0.01080835
87189.8903	-0.003136378	-0.010813227
86019.62548	-0.003169542	-0.010818469
84880.38421	-0.003202739	-0.010824057
83771.03123	-0.003235954	-0.010829971
82690.42963	-0.003269171	-0.010836195
81637.44379	-0.003302379	-0.010842711
80610.94109	-0.003335567	-0.010849503
79609.80585	-0.003368727	-0.010856555
78632.93175	-0.003401849	-0.010863853
77679.23383	-0.003434928	-0.010871382
76747.64768	-0.003467958	-0.010879138
76518.08172	-0.003476207	-0.010881119
76176.18632	-0.003488573	-0.010884148
76019.75591	-0.003494584	-0.010908662
76022.89468	-0.003494754	-0.010917616
76026.93303	-0.00349498	-0.010926431
76034.25186	-0.003495441	-0.010939511
76045.00832	-0.003496166	-0.010954888
76058.22562	-0.003497084	-0.010970187
76074.09251	-0.003498189	-0.010985418
76092.58776	-0.003499485	-0.011000587
76113.69283	-0.003500974	-0.011015696
76137.3842	-0.003502661	-0.011030748
76163.63887	-0.00350455	-0.011045744
76192.43556	-0.003506644	-0.011060687
76223.74768	-0.003508949	-0.011075577
76257.55127	-0.003511469	-0.011090416
76293.81805	-0.00351421	-0.011105206
76332.51926	-0.003517177	-0.01111995
76373.6247	-0.003520377	-0.011134647
76417.10289	-0.003523817	-0.0111493
76462.91928	-0.003527502	-0.011163911
76511.04032	-0.003531441	-0.011178481
76561.4293	-0.00353564	-0.011193014
76614.04745	-0.003540108	-0.011207508
76668.85734	-0.003544852	-0.011221967
76725.81817	-0.003549881	-0.011236392
76784.88945	-0.003555203	-0.011250786
76846.0287	-0.003560827	-0.011265149
76909.19444	-0.003566763	-0.011279483
76974.34043	-0.00357302	-0.011293791
77041.42228	-0.003579607	-0.011308072
77110.39566	-0.003586533	-0.011322331
77181.21473	-0.00359381	-0.011336566
77253.83052	-0.003601446	-0.011350781
77328.19644	-0.003609452	-0.011364977
77404.26315	-0.003617839	-0.011379155
77481.98463	-0.003626616	-0.011393316
77561.30878	-0.003635795	-0.011407463
77642.18749	-0.003645386	-0.011421596
77724.5709	-0.003655398	-0.011435716
77808.40807	-0.003665844	-0.011449826
77891.60199	-0.003676795	-0.011463942
77980.24841	-0.003688079	-0.011478018
78066.1521	-0.003699946	-0.011492117
78157.2905	-0.003712172	-0.01150618
78245.69187	-0.003724997	-0.011520266
78339.12115	-0.003738208	-0.01153432
78429.80301	-0.003752033	-0.011548398
78523.46284	-0.003766321	-0.01156246
78618.08845	-0.003781134	-0.011576521
78713.64771	-0.003796484	-0.01159058
78810.08356	-0.003812379	-0.01160464
78907.34244	-0.003828827	-0.0116187
79005.37113	-0.003845839	-0.011632761
79104.11564	-0.003863422	-0.011646825
79203.51841	-0.003881586	-0.011660891
79303.52707	-0.003900337	-0.011674961
79404.08309	-0.003919682	-0.011689034
79505.12995	-0.003939631	-0.011703111
79606.61213	-0.003960188	-0.011717193
79708.47101	-0.003981361	-0.01173128
79810.64795	-0.004003155	-0.011745373
79913.08386	-0.004025575	-0.01175947
80015.71942	-0.004048625	-0.011773574
80118.49397	-0.004072311	-0.011787684
80221.3475	-0.004096636	-0.011801801
80324.21386	-0.004121602	-0.011815925
80427.03429	-0.004147212	-0.011830055
80529.74181	-0.004173468	-0.011844193
80632.27112	-0.004200371	-0.011858337
80734.55533	-0.004227921	-0.011872489
80836.52625	-0.004256118	-0.011886648
80938.11693	-0.00428496	-0.011900814
81039.25349	-0.004314447	-0.011914988
81139.86781	-0.004344575	-0.011929169
81239.87937	-0.004375342	-0.011943358
81339.21896	-0.004406742	-0.011957554
81437.80778	-0.004438771	-0.011971758
81535.56373	-0.004471425	-0.011985968
81632.41016	-0.004504694	-0.012000186
81728.26142	-0.004538572	-0.01201441
81823.03411	-0.004573052	-0.012028642
81916.637	-0.004608123	-0.012042881
82008.98557	-0.004643775	-0.012057125
82099.98286	-0.004679997	-0.012071377
82189.53767	-0.004716777	-0.012085634
82277.55024	-0.004754102	-0.012099898
82363.92119	-0.004791958	-0.012114167
82448.54786	-0.00483033	-0.012128442
82531.32499	-0.004869202	-0.012142723
82612.14177	-0.004908556	-0.012157008
82690.88694	-0.004948375	-0.012171297
82767.44542	-0.004988639	-0.012185591
82841.69772	-0.005029328	-0.012199888
82913.52132	-0.00507042	-0.012214189
82982.79314	-0.005111893	-0.012228492
83049.38182	-0.005153722	-0.012242798
83113.15468	-0.005195883	-0.012257105
83173.97511	-0.005238349	-0.012271414
83231.70496	-0.005281092	-0.012285722
83286.19791	-0.005324084	-0.012300029
83337.31145	-0.005367293	-0.012314334
83384.89124	-0.005410687	-0.012328636
83428.78503	-0.005454234	-0.012342934
83468.83836	-0.005497898	-0.012357226
83504.89068	-0.005541641	-0.012371511
83536.78288	-0.005585427	-0.012385787
83564.34939	-0.005629214	-0.012400051
83587.42971	-0.005672961	-0.012414302
83605.85909	-0.005716625	-0.012428537
83619.47297	-0.005760158	-0.012442754
83628.11178	-0.005803514	-0.012456948
83631.61875	-0.005846643	-0.012471118
83629.83699	-0.005889494	-0.012485258
83622.61956	-0.005932012	-0.012499365
83609.82912	-0.005974142	-0.012513433
83592.42451	-0.006015819	-0.01252746
83568.09443	-0.006056999	-0.012541434
83537.84588	-0.006097613	-0.012555352
83501.59967	-0.006137598	-0.012569206
83459.29637	-0.00617689	-0.012582989
83410.90483	-0.006215422	-0.012596691
83356.42583	-0.006253128	-0.012610305
83295.89038	-0.00628994	-0.012623818
83229.37196	-0.006325789	-0.01263722
83156.98461	-0.006360605	-0.012650499
83078.89657	-0.00639432	-0.012663641
82995.32597	-0.006426864	-0.012676633
82906.55089	-0.006458167	-0.012689457
82812.91903	-0.006488159	-0.0127021
82714.8456	-0.006516773	-0.01271454
82612.82286	-0.006543938	-0.012726759
82507.43792	-0.006569584	-0.012738735
82399.36548	-0.006593639	-0.012750443
82289.39153	-0.006616031	-0.012761857
82178.41935	-0.006636682	-0.012772947
82067.49201	-0.006655508	-0.012783679
81957.81142	-0.00667242	-0.012794013
81850.76366	-0.006687316	-0.012803905
81747.95806	-0.006700081	-0.012813302
81651.27052	-0.006710581	-0.012822142
81562.90206	-0.006718659	-0.012830348
81485.45036	-0.006724126	-0.01283783
81421.98927	-0.006726755	-0.012844478
81376.17542	-0.006726276	-0.012850157
81352.32825	-0.006722366	-0.012854701
81355.48782	-0.006714651	-0.012857913
81391.35716	-0.006702713	-0.012859557
81466.00622	-0.006686125	-0.012859374
81585.19517	-0.006664514	-0.012857097
81753.18927	-0.006637664	-0.012852501
81971.31909	-0.006605633	-0.01284546
82236.92857	-0.006568807	-0.012835996
82543.50964	-0.006527857	-0.012824292
82882.1234	-0.006483593	-0.012810642
83243.22863	-0.006436813	-0.012795384
83618.08606	-0.006388205	-0.012778844
83999.4088	-0.006338326	-0.012761305
84381.46751	-0.006287617	-0.012743
84759.95176	-0.006236427	-0.012724117
85131.70506	-0.006185036	-0.012704805
85494.51379	-0.006133678	-0.012685179
85846.89659	-0.006082548	-0.012665335
86187.94693	-0.006031811	-0.012645345
86517.19381	-0.005981605	-0.012625265
86834.4925	-0.005932047	-0.01260514
87139.94605	-0.005883235	-0.012585004
87433.81803	-0.005835247	-0.012564882
87716.49881	-0.005788149	-0.012544792
87988.4435	-0.005741993	-0.012524748
88250.15084	-0.005696819	-0.012504757
88502.13361	-0.005652661	-0.012484825
88744.90231	-0.005609542	-0.012464956
88978.95149	-0.005567485	-0.012445151
89204.74294	-0.005526503	-0.012425409
89422.70423	-0.005486613	-0.01240573
89633.21117	-0.005447829	-0.012386111
89836.57483	-0.005410167	-0.012366553
90033.00905	-0.005373654	-0.012347055
90222.58358	-0.005338328	-0.012327622
90405.09093	-0.005304266	-0.012308267
90579.69611	-0.005271629	-0.012289027
90743.24881	-0.005240938	-0.012270067
90880.29614	-0.005214617	-0.012252508
90778.48824	-0.005226918	-0.012254737
90610.39889	-0.005253488	-0.012268774
90433.82624	-0.005281562	-0.012283856
90251.60392	-0.005310506	-0.012299383
90064.5103	-0.005340117	-0.012315144
89872.76634	-0.005370311	-0.012331041
89676.39818	-0.005401043	-0.012347021
89475.34337	-0.005432287	-0.012363053
89269.50094	-0.005464023	-0.012379117
89058.73801	-0.005496237	-0.012395197
88842.91371	-0.005528916	-0.012411284
88621.87563	-0.005562046	-0.012427369
88395.46794	-0.005595613	-0.012443446
88163.52604	-0.005629605	-0.01245951
87925.88885	-0.005664004	-0.012475557
87682.39572	-0.005698797	-0.012491581
87431.19629	-0.005733923	-0.012507565
87177.17255	-0.005769493	-0.012523552
86913.49245	-0.005805312	-0.012539474
86646.64691	-0.005841536	-0.012555391
86369.90396	-0.005877967	-0.012571238
86089.67344	-0.005914756	-0.012587071
85799.36169	-0.005951706	-0.012602828
85505.27582	-0.005988963	-0.012618562
85200.98204	-0.006026331	-0.012634213
84891.12125	-0.006063911	-0.012649818
84574.09354	-0.006101634	-0.01266536
84249.85726	-0.006139473	-0.012680834
83918.39596	-0.006177398	-0.012696236
83579.71885	-0.006215384	-0.01271156
83233.86335	-0.006253403	-0.012726802
82880.88762	-0.006291428	-0.012741957
82520.87371	-0.006329434	-0.012757022
82153.92991	-0.006367395	-0.01277199
81780.19233	-0.006405288	-0.012786858
81399.81771	-0.006443091	-0.012801622
81012.98784	-0.006480783	-0.012816276
80619.90531	-0.006518344	-0.012830818
80220.79204	-0.006555758	-0.012845242
79815.89164	-0.006593009	-0.012859547
79405.4661	-0.006630082	-0.012873728
78989.7872	-0.006666967	-0.012887783
78569.14081	-0.006703654	-0.012901709
78143.82557	-0.006740136	-0.012915505
77714.14895	-0.006776405	-0.012929168
77280.42004	-0.00681246	-0.012942696
76842.96011	-0.006848297	-0.012956091
76402.08713	-0.006883916	-0.012969349
75958.12354	-0.006919317	-0.012982472
75511.39213	-0.006954505	-0.012995459
75062.21512	-0.006989482	-0.013008311
74610.9122	-0.007024255	-0.013021029
74157.80028	-0.007058829	-0.013033614
73703.19775	-0.007093212	-0.013046068
73247.41324	-0.007127412	-0.013058393
72790.75735	-0.007161439	-0.013070589
72334.49891	-0.007195311	-0.013082662
71876.05217	-0.007229012	-0.01309461
71419.55248	-0.00726259	-0.013106442
70962.43397	-0.00729603	-0.013118156
70505.94115	-0.007329354	-0.013129758
70050.36651	-0.007362574	-0.01314125
69596.00059	-0.007395703	-0.013152638
69143.12948	-0.007428756	-0.013163924
68692.03537	-0.007461746	-0.013175112
68243.00495	-0.007494688	-0.013186209
67796.31765	-0.007527595	-0.013197217
67352.25265	-0.007560483	-0.013208141
66911.08871	-0.007593366	-0.013218985
66473.1017	-0.007626259	-0.013229755
66038.56466	-0.007659177	-0.013240455
65607.75078	-0.007692134	-0.013251089
65180.92999	-0.007725147	-0.013261663
64758.37006	-0.007758227	-0.013272181
64340.33718	-0.007791392	-0.013282647
63927.09241	-0.007824654	-0.013293066
63518.89674	-0.007858028	-0.013303442
63116.00659	-0.007891528	-0.01331378
62718.68029	-0.007925167	-0.013324084
62327.16996	-0.007958959	-0.013334356
61941.72371	-0.007992915	-0.013344603
61562.59066	-0.00802705	-0.013354826
61190.01779	-0.008061374	-0.01336503
60824.24991	-0.008095899	-0.013375217
60464.61565	-0.008130643	-0.013385378
60113.17341	-0.008165606	-0.01339554
59769.27243	-0.008200802	-0.013405693
59433.16366	-0.008236241	-0.013415841
59105.10296	-0.008271934	-0.013425985
58785.35023	-0.008307889	-0.013436128
58474.17285	-0.008344117	-0.013446271
58171.84938	-0.008380625	-0.013456416
57878.67014	-0.008417423	-0.013466565
57594.93858	-0.008454518	-0.01347672
57320.97831	-0.00849192	-0.013486882
57057.12924	-0.008529636	-0.013497054
56803.7585	-0.008567675	-0.013507236